1.0127e+05,5.0100e+03,5.0099e+03,-6.9499e-12,1.5565e-11,2.3348e-05
5.0100e+03,1.0805e+04,5.9557e+03,-1.8817e-12,-4.3426e-12,4.2332e-05
5.0099e+03,5.9557e+03,1.0804e+04,3.7810e-15,-8.9676e-12,1.3491e-04
-6.9499e-12,-1.8817e-12,3.7810e-15,2.5821e+03,-6.0916e-05,-3.3911e-12
1.5565e-11,-4.3426e-12,-8.9676e-12,-6.0916e-05,2.5823e+03,3.5476e-12
2.3348e-05,4.2332e-05,1.3491e-04,-3.3911e-12,3.5476e-12,2.4232e+03
